[
    {
        "objects": {},
        "resolution": 256,
        "light_rgb": null,
        "RT": [
            [
                0.9201269149780273,
                -0.3916202485561371,
                -6.087089587936134e-08,
                1.663857744915731e-07
            ],
            [
                -0.3898378312587738,
                -0.9159390330314636,
                -0.09530056267976761,
                7.562339305877686e-07
            ],
            [
                0.03732157498598099,
                0.0876886397600174,
                -0.9954485297203064,
                2.5
            ]
        ],
        "light_pos": [
            -4.914604187011719,
            8.281967163085938,
            11.50024700164795
        ],
        "K": [
            [
                355.5555419921875,
                0.0,
                128.0
            ],
            [
                0.0,
                355.5555419921875,
                128.0
            ],
            [
                0.0,
                0.0,
                1.0
            ]
        ],
        "filename": "r_0.png"
    },
    {
        "objects": {},
        "resolution": 256,
        "light_rgb": null,
        "RT": [
            [
                -0.465197890996933,
                0.8852066397666931,
                7.420867120799812e-08,
                9.213179197331556e-08
            ],
            [
                0.1291988044977188,
                0.06789720058441162,
                -0.9892914295196533,
                -5.960464477539063e-08
            ],
            [
                -0.8757274150848389,
                -0.46021634340286255,
                -0.14595335721969604,
                2.5
            ]
        ],
        "light_pos": [
            -8.199678421020508,
            6.740717887878418,
            10.598489761352539
        ],
        "K": [
            [
                355.5555419921875,
                0.0,
                128.0
            ],
            [
                0.0,
                355.5555419921875,
                128.0
            ],
            [
                0.0,
                0.0,
                1.0
            ]
        ],
        "filename": "r_1.png"
    },
    {
        "objects": {},
        "resolution": 256,
        "light_rgb": null,
        "RT": [
            [
                -0.4818020164966583,
                0.8762801885604858,
                -8.332258261134484e-08,
                2.1512032333248499e-07
            ],
            [
                0.8736017346382141,
                0.48032933473587036,
                -0.0781276747584343,
                -1.2293457984924316e-07
            ],
            [
                -0.06846169382333755,
                -0.037642139941453934,
                -0.9969433546066284,
                2.5
            ]
        ],
        "light_pos": [
            5.302682876586914,
            -1.6924397945404053,
            13.92900562286377
        ],
        "K": [
            [
                355.5555419921875,
                0.0,
                128.0
            ],
            [
                0.0,
                355.5555419921875,
                128.0
            ],
            [
                0.0,
                0.0,
                1.0
            ]
        ],
        "filename": "r_2.png"
    },
    {
        "objects": {},
        "resolution": 256,
        "light_rgb": null,
        "RT": [
            [
                0.998267650604248,
                -0.05883627384901047,
                -7.001081936408582e-10,
                3.599957887345795e-09
            ],
            [
                -0.05840069428086281,
                -0.9908771514892578,
                -0.12145695090293884,
                6.996560841798782e-08
            ],
            [
                0.007146073970943689,
                0.12124653905630112,
                -0.9925966858863831,
                2.5
            ]
        ],
        "light_pos": [
            -2.930112838745117,
            3.9079697132110596,
            14.182461738586426
        ],
        "K": [
            [
                355.5555419921875,
                0.0,
                128.0
            ],
            [
                0.0,
                355.5555419921875,
                128.0
            ],
            [
                0.0,
                0.0,
                1.0
            ]
        ],
        "filename": "r_3.png"
    },
    {
        "objects": {},
        "resolution": 256,
        "light_rgb": null,
        "RT": [
            [
                -0.9852765202522278,
                -0.17096827924251556,
                1.1211679584732792e-08,
                -1.279724237690516e-08
            ],
            [
                -0.07805868238210678,
                0.4498458802700043,
                -0.8896884322166443,
                1.7881393432617188e-07
            ],
            [
                0.15210849046707153,
                -0.8765891194343567,
                -0.4565681517124176,
                2.5
            ]
        ],
        "light_pos": [
            7.142636775970459,
            12.76059341430664,
            3.339160680770874
        ],
        "K": [
            [
                355.5555419921875,
                0.0,
                128.0
            ],
            [
                0.0,
                355.5555419921875,
                128.0
            ],
            [
                0.0,
                0.0,
                1.0
            ]
        ],
        "filename": "r_4.png"
    },
    {
        "objects": {},
        "resolution": 256,
        "light_rgb": null,
        "RT": [
            [
                -0.5046979784965515,
                -0.8632960319519043,
                1.9075086399311658e-08,
                9.262112854457882e-08
            ],
            [
                -0.48132845759391785,
                0.28139302134513855,
                -0.8301451206207275,
                -5.960464477539063e-08
            ],
            [
                0.7166609764099121,
                -0.41897255182266235,
                -0.557547390460968,
                2.5
            ]
        ],
        "light_pos": [
            7.333419322967529,
            -12.663752555847168,
            3.2939839363098145
        ],
        "K": [
            [
                355.5555419921875,
                0.0,
                128.0
            ],
            [
                0.0,
                355.5555419921875,
                128.0
            ],
            [
                0.0,
                0.0,
                1.0
            ]
        ],
        "filename": "r_5.png"
    },
    {
        "objects": {},
        "resolution": 256,
        "light_rgb": null,
        "RT": [
            [
                0.997423529624939,
                0.0717381164431572,
                9.478549500840927e-09,
                -2.181116620647572e-08
            ],
            [
                0.0716698095202446,
                -0.9964738488197327,
                -0.04362747073173523,
                6.926129572093487e-07
            ],
            [
                -0.0031297423411160707,
                0.04351506382226944,
                -0.9990478754043579,
                2.5
            ]
        ],
        "light_pos": [
            2.4760332107543945,
            9.197997093200684,
            11.587325096130371
        ],
        "K": [
            [
                355.5555419921875,
                0.0,
                128.0
            ],
            [
                0.0,
                355.5555419921875,
                128.0
            ],
            [
                0.0,
                0.0,
                1.0
            ]
        ],
        "filename": "r_6.png"
    },
    {
        "objects": {},
        "resolution": 256,
        "light_rgb": null,
        "RT": [
            [
                -0.9998867511749268,
                0.015074150636792183,
                -8.241797244679105e-10,
                2.963009837486652e-09
            ],
            [
                0.014863727614283562,
                0.9859291315078735,
                -0.16650377213954926,
                1.9389699446037412e-07
            ],
            [
                -0.0025099015329033136,
                -0.16648484766483307,
                -0.9860408306121826,
                2.500000238418579
            ]
        ],
        "light_pos": [
            2.19153094291687,
            -7.216020107269287,
            12.966350555419922
        ],
        "K": [
            [
                355.5555419921875,
                0.0,
                128.0
            ],
            [
                0.0,
                355.5555419921875,
                128.0
            ],
            [
                0.0,
                0.0,
                1.0
            ]
        ],
        "filename": "r_7.png"
    },
    {
        "objects": {},
        "resolution": 256,
        "light_rgb": null,
        "RT": [
            [
                0.9973097443580627,
                -0.073302261531353,
                -3.0119755578539298e-09,
                3.489558864089304e-09
            ],
            [
                -0.07023493200540543,
                -0.9555773735046387,
                -0.28624972701072693,
                3.67872416973114e-08
            ],
            [
                0.02098274976015091,
                0.28547966480255127,
                -0.9581550359725952,
                2.5
            ]
        ],
        "light_pos": [
            11.21374797821045,
            0.8867944478988647,
            9.922975540161133
        ],
        "K": [
            [
                355.5555419921875,
                0.0,
                128.0
            ],
            [
                0.0,
                355.5555419921875,
                128.0
            ],
            [
                0.0,
                0.0,
                1.0
            ]
        ],
        "filename": "r_8.png"
    },
    {
        "objects": {},
        "resolution": 256,
        "light_rgb": null,
        "RT": [
            [
                0.9722893238067627,
                0.23378075659275055,
                -1.1090945051250856e-08,
                1.2848065011894505e-07
            ],
            [
                0.07817059755325317,
                -0.3251097500324249,
                -0.9424401521682739,
                7.227063179016113e-07
            ],
            [
                -0.22032430768013,
                0.9163244962692261,
                -0.3343755006790161,
                2.500000476837158
            ]
        ],
        "light_pos": [
            -4.381956577301025,
            3.671470880508423,
            13.867903709411621
        ],
        "K": [
            [
                355.5555419921875,
                0.0,
                128.0
            ],
            [
                0.0,
                355.5555419921875,
                128.0
            ],
            [
                0.0,
                0.0,
                1.0
            ]
        ],
        "filename": "r_9.png"
    },
    {
        "objects": {},
        "resolution": 256,
        "light_rgb": null,
        "RT": [
            [
                -0.8905911445617676,
                -0.45480507612228394,
                2.9882603058695167e-09,
                -1.246234262453072e-07
            ],
            [
                -0.3296063244342804,
                0.645429253578186,
                -0.6890435218811035,
                -2.086162567138672e-07
            ],
            [
                0.3133804500102997,
                -0.6136559844017029,
                -0.7247200012207031,
                2.5
            ]
        ],
        "light_pos": [
            -10.031021118164062,
            -3.958312511444092,
            10.426426887512207
        ],
        "K": [
            [
                355.5555419921875,
                0.0,
                128.0
            ],
            [
                0.0,
                355.5555419921875,
                128.0
            ],
            [
                0.0,
                0.0,
                1.0
            ]
        ],
        "filename": "r_10.png"
    },
    {
        "objects": {},
        "resolution": 256,
        "light_rgb": null,
        "RT": [
            [
                -0.9962973594665527,
                -0.08597952127456665,
                -2.6845521361451574e-08,
                6.570833477326232e-08
            ],
            [
                -0.08596865087747574,
                0.9961714148521423,
                -0.01590103842318058,
                -1.5581317711621523e-06
            ],
            [
                0.0013671900378540158,
                -0.015842152759432793,
                -0.9998735785484314,
                2.5
            ]
        ],
        "light_pos": [
            -14.366303443908691,
            -0.9972115755081177,
            4.197011470794678
        ],
        "K": [
            [
                355.5555419921875,
                0.0,
                128.0
            ],
            [
                0.0,
                355.5555419921875,
                128.0
            ],
            [
                0.0,
                0.0,
                1.0
            ]
        ],
        "filename": "r_11.png"
    },
    {
        "objects": {},
        "resolution": 256,
        "light_rgb": null,
        "RT": [
            [
                -0.4348665475845337,
                -0.9004950523376465,
                2.023170964093879e-08,
                -1.2102701418825745e-07
            ],
            [
                -0.032361950725317,
                0.015628289431333542,
                -0.9993541240692139,
                2.0489096641540527e-07
            ],
            [
                0.8999133706092834,
                -0.4345855414867401,
                -0.0359378457069397,
                2.5
            ]
        ],
        "light_pos": [
            -4.828993797302246,
            -3.6031622886657715,
            13.736740112304688
        ],
        "K": [
            [
                355.5555419921875,
                0.0,
                128.0
            ],
            [
                0.0,
                355.5555419921875,
                128.0
            ],
            [
                0.0,
                0.0,
                1.0
            ]
        ],
        "filename": "r_12.png"
    },
    {
        "objects": {},
        "resolution": 256,
        "light_rgb": null,
        "RT": [
            [
                -0.9875513315200806,
                0.15730012953281403,
                -3.478712429227926e-09,
                6.367761073988731e-08
            ],
            [
                0.07366844266653061,
                0.4625004827976227,
                -0.8835536241531372,
                -6.351619958877563e-07
            ],
            [
                -0.13898305594921112,
                -0.8725541234016418,
                -0.4683303236961365,
                2.500000476837158
            ]
        ],
        "light_pos": [
            6.065401554107666,
            -13.533774375915527,
            2.2467448711395264
        ],
        "K": [
            [
                355.5555419921875,
                0.0,
                128.0
            ],
            [
                0.0,
                355.5555419921875,
                128.0
            ],
            [
                0.0,
                0.0,
                1.0
            ]
        ],
        "filename": "r_13.png"
    },
    {
        "objects": {},
        "resolution": 256,
        "light_rgb": null,
        "RT": [
            [
                -0.9199703335762024,
                0.3919881582260132,
                3.875690435251045e-09,
                -8.586605204641273e-09
            ],
            [
                0.34738045930862427,
                0.8152790069580078,
                -0.46330025792121887,
                -8.940696716308594e-08
            ],
            [
                -0.1816082000732422,
                -0.42622244358062744,
                -0.8862013816833496,
                2.5
            ]
        ],
        "light_pos": [
            -2.634047508239746,
            7.050988674163818,
            12.974797248840332
        ],
        "K": [
            [
                355.5555419921875,
                0.0,
                128.0
            ],
            [
                0.0,
                355.5555419921875,
                128.0
            ],
            [
                0.0,
                0.0,
                1.0
            ]
        ],
        "filename": "r_14.png"
    },
    {
        "objects": {},
        "resolution": 256,
        "light_rgb": null,
        "RT": [
            [
                -0.4530481696128845,
                0.8914861083030701,
                1.3010753363573713e-08,
                -1.3798881148829878e-08
            ],
            [
                0.3781951367855072,
                0.19219665229320526,
                -0.905554473400116,
                5.960464477539063e-08
            ],
            [
                -0.8072892427444458,
                -0.41025975346565247,
                -0.4242299795150757,
                2.500000238418579
            ]
        ],
        "light_pos": [
            1.0662403106689453,
            1.010571002960205,
            14.927888870239258
        ],
        "K": [
            [
                355.5555419921875,
                0.0,
                128.0
            ],
            [
                0.0,
                355.5555419921875,
                128.0
            ],
            [
                0.0,
                0.0,
                1.0
            ]
        ],
        "filename": "r_15.png"
    },
    {
        "objects": {},
        "resolution": 256,
        "light_rgb": null,
        "RT": [
            [
                -0.9630468487739563,
                -0.2693334221839905,
                -8.90403661912842e-09,
                1.2479101485496358e-07
            ],
            [
                -0.06753551959991455,
                0.24148456752300262,
                -0.9680516719818115,
                1.8998980522155762e-07
            ],
            [
                0.2607286870479584,
                -0.9322792291641235,
                -0.25075069069862366,
                2.5
            ]
        ],
        "light_pos": [
            -6.584472179412842,
            -2.428532123565674,
            13.256958961486816
        ],
        "K": [
            [
                355.5555419921875,
                0.0,
                128.0
            ],
            [
                0.0,
                355.5555419921875,
                128.0
            ],
            [
                0.0,
                0.0,
                1.0
            ]
        ],
        "filename": "r_16.png"
    },
    {
        "objects": {},
        "resolution": 256,
        "light_rgb": null,
        "RT": [
            [
                -0.9883267879486084,
                -0.15234926342964172,
                1.5223475813286313e-09,
                -3.5372600404315335e-09
            ],
            [
                -0.14159682393074036,
                0.9185731410980225,
                -0.36901751160621643,
                -5.587935447692871e-08
            ],
            [
                0.056219540536403656,
                -0.36470985412597656,
                -0.9294224381446838,
                2.5
            ]
        ],
        "light_pos": [
            -6.963738918304443,
            1.159828782081604,
            13.234846115112305
        ],
        "K": [
            [
                355.5555419921875,
                0.0,
                128.0
            ],
            [
                0.0,
                355.5555419921875,
                128.0
            ],
            [
                0.0,
                0.0,
                1.0
            ]
        ],
        "filename": "r_17.png"
    },
    {
        "objects": {},
        "resolution": 256,
        "light_rgb": null,
        "RT": [
            [
                0.951815664768219,
                -0.30667078495025635,
                1.0480253109790283e-08,
                -8.420589381330501e-08
            ],
            [
                -0.2879504859447479,
                -0.8937133550643921,
                -0.3440363109111786,
                1.2665987014770508e-07
            ],
            [
                0.10550587624311447,
                0.3274591565132141,
                -0.9389563798904419,
                2.500000238418579
            ]
        ],
        "light_pos": [
            13.890128135681152,
            -5.397177696228027,
            1.7131317853927612
        ],
        "K": [
            [
                355.5555419921875,
                0.0,
                128.0
            ],
            [
                0.0,
                355.5555419921875,
                128.0
            ],
            [
                0.0,
                0.0,
                1.0
            ]
        ],
        "filename": "r_18.png"
    },
    {
        "objects": {},
        "resolution": 256,
        "light_rgb": null,
        "RT": [
            [
                -0.8935408592224121,
                0.4489820599555969,
                -1.2428365003813724e-09,
                3.0472022682914712e-09
            ],
            [
                0.4403279423713684,
                0.8763179183006287,
                -0.195392906665802,
                -1.4901161193847656e-08
            ],
            [
                -0.08772790431976318,
                -0.174591526389122,
                -0.9807250499725342,
                2.5
            ]
        ],
        "light_pos": [
            -8.148751258850098,
            0.5350344777107239,
            12.582193374633789
        ],
        "K": [
            [
                355.5555419921875,
                0.0,
                128.0
            ],
            [
                0.0,
                355.5555419921875,
                128.0
            ],
            [
                0.0,
                0.0,
                1.0
            ]
        ],
        "filename": "r_19.png"
    },
    {
        "objects": {},
        "resolution": 256,
        "light_rgb": null,
        "RT": [
            [
                -0.3004898428916931,
                0.9537850022315979,
                -3.1241700781947657e-08,
                -1.1525440868354053e-07
            ],
            [
                0.048295896500349045,
                0.015215558931231499,
                -0.9987171292304993,
                -2.123415470123291e-07
            ],
            [
                -0.9525614380836487,
                -0.30010437965393066,
                -0.05063605681061745,
                2.5
            ]
        ],
        "light_pos": [
            -10.789389610290527,
            4.282975196838379,
            9.499746322631836
        ],
        "K": [
            [
                355.5555419921875,
                0.0,
                128.0
            ],
            [
                0.0,
                355.5555419921875,
                128.0
            ],
            [
                0.0,
                0.0,
                1.0
            ]
        ],
        "filename": "r_20.png"
    },
    {
        "objects": {},
        "resolution": 256,
        "light_rgb": null,
        "RT": [
            [
                -0.7516326904296875,
                0.6595819592475891,
                1.0353577550858972e-08,
                -7.979084415410398e-08
            ],
            [
                0.5143903493881226,
                0.5861782431602478,
                -0.6259374022483826,
                -5.960464477539063e-08
            ],
            [
                -0.4128569960594177,
                -0.4704749882221222,
                -0.7798733115196228,
                2.5
            ]
        ],
        "light_pos": [
            -10.635780334472656,
            -5.115846157073975,
            9.257877349853516
        ],
        "K": [
            [
                355.5555419921875,
                0.0,
                128.0
            ],
            [
                0.0,
                355.5555419921875,
                128.0
            ],
            [
                0.0,
                0.0,
                1.0
            ]
        ],
        "filename": "r_21.png"
    },
    {
        "objects": {},
        "resolution": 256,
        "light_rgb": null,
        "RT": [
            [
                -0.9979737997055054,
                0.06363382190465927,
                -2.932757370288641e-09,
                2.118949815610449e-08
            ],
            [
                0.054576754570007324,
                0.8559311628341675,
                -0.514202356338501,
                -1.969747245311737e-07
            ],
            [
                -0.032720647752285004,
                -0.513160228729248,
                -0.857668936252594,
                2.5
            ]
        ],
        "light_pos": [
            1.3668936491012573,
            10.55336856842041,
            10.571566581726074
        ],
        "K": [
            [
                355.5555419921875,
                0.0,
                128.0
            ],
            [
                0.0,
                355.5555419921875,
                128.0
            ],
            [
                0.0,
                0.0,
                1.0
            ]
        ],
        "filename": "r_22.png"
    },
    {
        "objects": {},
        "resolution": 256,
        "light_rgb": null,
        "RT": [
            [
                0.9467779994010925,
                0.3218872547149658,
                -4.697497502093029e-09,
                1.2396712634199503e-07
            ],
            [
                0.1304086595773697,
                -0.3835754692554474,
                -0.914255678653717,
                -1.341104507446289e-07
            ],
            [
                -0.29428723454475403,
                0.8655971884727478,
                -0.40513771772384644,
                2.5
            ]
        ],
        "light_pos": [
            -6.768624305725098,
            -8.535405158996582,
            10.311768531799316
        ],
        "K": [
            [
                355.5555419921875,
                0.0,
                128.0
            ],
            [
                0.0,
                355.5555419921875,
                128.0
            ],
            [
                0.0,
                0.0,
                1.0
            ]
        ],
        "filename": "r_23.png"
    },
    {
        "objects": {},
        "resolution": 256,
        "light_rgb": null,
        "RT": [
            [
                0.9905250072479248,
                0.13733255863189697,
                -2.6502062766553536e-09,
                5.454412921324092e-09
            ],
            [
                0.11305814236402512,
                -0.8154433369636536,
                -0.5676883459091187,
                -2.421438694000244e-08
            ],
            [
                -0.07796209305524826,
                0.5623095035552979,
                -0.8232435584068298,
                2.5
            ]
        ],
        "light_pos": [
            0.052283648401498795,
            -1.810196876525879,
            14.890280723571777
        ],
        "K": [
            [
                355.5555419921875,
                0.0,
                128.0
            ],
            [
                0.0,
                355.5555419921875,
                128.0
            ],
            [
                0.0,
                0.0,
                1.0
            ]
        ],
        "filename": "r_24.png"
    },
    {
        "objects": {},
        "resolution": 256,
        "light_rgb": null,
        "RT": [
            [
                0.8001348972320557,
                0.5998201370239258,
                -2.7995772811095776e-08,
                2.014779454384552e-09
            ],
            [
                0.528087854385376,
                -0.7044470310211182,
                -0.4742126166820526,
                5.960464477539063e-08
            ],
            [
                -0.284442275762558,
                0.3794340491294861,
                -0.880410373210907,
                2.500000238418579
            ]
        ],
        "light_pos": [
            -0.9897352457046509,
            -2.0313503742218018,
            14.828824996948242
        ],
        "K": [
            [
                355.5555419921875,
                0.0,
                128.0
            ],
            [
                0.0,
                355.5555419921875,
                128.0
            ],
            [
                0.0,
                0.0,
                1.0
            ]
        ],
        "filename": "r_25.png"
    },
    {
        "objects": {},
        "resolution": 256,
        "light_rgb": null,
        "RT": [
            [
                -0.7892314791679382,
                -0.6140956878662109,
                5.1909633924651644e-08,
                3.356326772063767e-08
            ],
            [
                -0.40528011322021484,
                0.5208631157875061,
                -0.7512986063957214,
                2.384185791015625e-07
            ],
            [
                0.46136924624443054,
                -0.5929485559463501,
                -0.6599624156951904,
                2.5
            ]
        ],
        "light_pos": [
            -5.50240421295166,
            9.097745895385742,
            10.580859184265137
        ],
        "K": [
            [
                355.5555419921875,
                0.0,
                128.0
            ],
            [
                0.0,
                355.5555419921875,
                128.0
            ],
            [
                0.0,
                0.0,
                1.0
            ]
        ],
        "filename": "r_26.png"
    },
    {
        "objects": {},
        "resolution": 256,
        "light_rgb": null,
        "RT": [
            [
                0.19295722246170044,
                -0.9812071323394775,
                1.0669918282246726e-07,
                6.8723139179383e-08
            ],
            [
                -0.6242086291313171,
                -0.12275253236293793,
                -0.7715538740158081,
                4.0978193283081055e-08
            ],
            [
                0.7570542097091675,
                0.14887681603431702,
                -0.6361640095710754,
                2.5
            ]
        ],
        "light_pos": [
            3.283871650695801,
            6.018870830535889,
            13.341265678405762
        ],
        "K": [
            [
                355.5555419921875,
                0.0,
                128.0
            ],
            [
                0.0,
                355.5555419921875,
                128.0
            ],
            [
                0.0,
                0.0,
                1.0
            ]
        ],
        "filename": "r_27.png"
    },
    {
        "objects": {},
        "resolution": 256,
        "light_rgb": null,
        "RT": [
            [
                0.9593945741653442,
                0.28206735849380493,
                -2.0491475183348484e-08,
                -4.937815845096338e-08
            ],
            [
                0.05630749091506004,
                -0.19151850044727325,
                -0.9798725247383118,
                -2.682209014892578e-07
            ],
            [
                -0.27639004588127136,
                0.9400843977928162,
                -0.19962432980537415,
                2.499999761581421
            ]
        ],
        "light_pos": [
            -12.199508666992188,
            1.424593210220337,
            8.61060619354248
        ],
        "K": [
            [
                355.5555419921875,
                0.0,
                128.0
            ],
            [
                0.0,
                355.5555419921875,
                128.0
            ],
            [
                0.0,
                0.0,
                1.0
            ]
        ],
        "filename": "r_28.png"
    },
    {
        "objects": {},
        "resolution": 256,
        "light_rgb": null,
        "RT": [
            [
                0.5096797347068787,
                -0.8603641986846924,
                -8.034049869820592e-09,
                -1.1505100872000185e-07
            ],
            [
                -0.17812344431877136,
                -0.1055203229188919,
                -0.9783340096473694,
                2.086162567138672e-07
            ],
            [
                0.8417235612869263,
                0.49863702058792114,
                -0.20703260600566864,
                2.499999761581421
            ]
        ],
        "light_pos": [
            -6.44935417175293,
            -0.039533521980047226,
            13.542683601379395
        ],
        "K": [
            [
                355.5555419921875,
                0.0,
                128.0
            ],
            [
                0.0,
                355.5555419921875,
                128.0
            ],
            [
                0.0,
                0.0,
                1.0
            ]
        ],
        "filename": "r_29.png"
    },
    {
        "objects": {},
        "resolution": 256,
        "light_rgb": null,
        "RT": [
            [
                -0.11173724383115768,
                0.9937378168106079,
                -5.170107897356502e-08,
                2.2550693756784312e-07
            ],
            [
                0.4735564887523651,
                0.05324731394648552,
                -0.8791524767875671,
                1.601874828338623e-07
            ],
            [
                -0.8736470341682434,
                -0.09823405742645264,
                -0.47654062509536743,
                2.5
            ]
        ],
        "light_pos": [
            8.366004943847656,
            2.7743043899536133,
            12.1372652053833
        ],
        "K": [
            [
                355.5555419921875,
                0.0,
                128.0
            ],
            [
                0.0,
                355.5555419921875,
                128.0
            ],
            [
                0.0,
                0.0,
                1.0
            ]
        ],
        "filename": "r_30.png"
    },
    {
        "objects": {},
        "resolution": 256,
        "light_rgb": null,
        "RT": [
            [
                0.5143492221832275,
                -0.8575809001922607,
                -3.627280165119373e-08,
                -4.4470837679000397e-07
            ],
            [
                -0.3038423955440521,
                -0.18223470449447632,
                -0.9351312518119812,
                1.6391277313232422e-07
            ],
            [
                0.8019506335258484,
                0.480984091758728,
                -0.3543016314506531,
                2.500000238418579
            ]
        ],
        "light_pos": [
            -4.311309337615967,
            10.87142276763916,
            9.392805099487305
        ],
        "K": [
            [
                355.5555419921875,
                0.0,
                128.0
            ],
            [
                0.0,
                355.5555419921875,
                128.0
            ],
            [
                0.0,
                0.0,
                1.0
            ]
        ],
        "filename": "r_31.png"
    },
    {
        "objects": {},
        "resolution": 256,
        "light_rgb": null,
        "RT": [
            [
                0.7091358304023743,
                -0.7050718665122986,
                1.0643869785553761e-08,
                1.0720374632455787e-07
            ],
            [
                -0.31810879707336426,
                -0.31994232535362244,
                -0.8924369812011719,
                1.1920928955078125e-07
            ],
            [
                0.6292322278022766,
                0.6328590512275696,
                -0.4511721432209015,
                2.5
            ]
        ],
        "light_pos": [
            3.836909770965576,
            -13.549368858337402,
            5.166499614715576
        ],
        "K": [
            [
                355.5555419921875,
                0.0,
                128.0
            ],
            [
                0.0,
                355.5555419921875,
                128.0
            ],
            [
                0.0,
                0.0,
                1.0
            ]
        ],
        "filename": "r_32.png"
    },
    {
        "objects": {},
        "resolution": 256,
        "light_rgb": null,
        "RT": [
            [
                -0.8764684796333313,
                -0.48145928978919983,
                2.755687411593044e-08,
                2.6383712992128494e-08
            ],
            [
                -0.23216749727725983,
                0.4226473271846771,
                -0.8760522603988647,
                4.470348358154297e-08
            ],
            [
                0.4217834770679474,
                -0.7678321599960327,
                -0.4822162091732025,
                2.5
            ]
        ],
        "light_pos": [
            5.027647018432617,
            -1.7594012022018433,
            14.022384643554688
        ],
        "K": [
            [
                355.5555419921875,
                0.0,
                128.0
            ],
            [
                0.0,
                355.5555419921875,
                128.0
            ],
            [
                0.0,
                0.0,
                1.0
            ]
        ],
        "filename": "r_33.png"
    },
    {
        "objects": {},
        "resolution": 256,
        "light_rgb": null,
        "RT": [
            [
                0.9683161377906799,
                -0.24972759187221527,
                1.0249499915460092e-08,
                -1.2535513072009508e-08
            ],
            [
                -0.12217038124799728,
                -0.4737143814563751,
                -0.8721634745597839,
                1.7881393432617188e-07
            ],
            [
                0.21780328452587128,
                0.8445299863815308,
                -0.48921459913253784,
                2.500000238418579
            ]
        ],
        "light_pos": [
            0.6659003496170044,
            9.634417533874512,
            11.477568626403809
        ],
        "K": [
            [
                355.5555419921875,
                0.0,
                128.0
            ],
            [
                0.0,
                355.5555419921875,
                128.0
            ],
            [
                0.0,
                0.0,
                1.0
            ]
        ],
        "filename": "r_34.png"
    },
    {
        "objects": {},
        "resolution": 256,
        "light_rgb": null,
        "RT": [
            [
                -0.911123514175415,
                -0.41213375329971313,
                1.0108127668218003e-08,
                -1.3833731937751281e-09
            ],
            [
                -0.022561445832252502,
                0.049877703189849854,
                -0.9985005855560303,
                -1.5832483768463135e-07
            ],
